NUM. THETA             : 750
NUM. RHO               : 512
NUM. X PIXELS          : 512
NUM. Y PIXELS          : 512

NUM. OF PIXELS         : 262144
NUM. OF RAYS           : 384000

NUM. ITERATIONS        : 24

SPATIAL TILE SIZE      : 32
SPECTRAL TILE SIZE     : 32

NUMBER OF X TILES      : 16
NUMBER OF Y TILES      : 16
NUM. OF THETA TILES    : 24
NUM. OF RHO TILES      : 16

NUM. SPATIAL TILES     : 256
NUM. SPECTRAL TILES    : 384

NUM. OF X PIXELS (EXT) : 512
NUM. OF Y PIXELS (EXT) : 512
NUM. OF ANGLES (EXT)   : 768
NUM. OF RHOS (EXT)     : 512

NUM. OF PIXELS (EXT)   : 262144
NUM. OF RAYS (EXT)     : 393216

NUMBER OF PROCESSES    : 12
NUMBER OF THRD./PROC.  : 12

INTEGER: 4, FLOAT: 4, LONG: 8, SHORT: 2, POINTER: 8
APPROX. MEMORY     TOTAL: 4.394531e+00 GB
APPROX. MEMORY PER PROC.: 3.662109e-01 GB

X START       : -2.560000e+02
Y START       : -2.560000e+02
PIXEL SIZE    : 1.000000e+00
RHO START     : -2.560000e+02
RAY LENGTH    : 1.024000e+03

SPATIAL INDEXING       : 5
SPECTRAL INDEXING      : 5
 1: CARTESIAN, NATURAL
 2: CARTESIAN, TRANSPOSED
 3: MORTON, NATURAL
 4: MORTON, TRANSPOSED
PROJECTION BLOCK SIZE      : 128
BACKPROJECTION BLOCK SIZE  : 128
PROJECTION BUFFER SIZE      : 8 KB
BACKPROJECTION BUFFER SIZE  : 8 KB

SINOGRAM FILE : /home/ccuser/MemXCT/MemXCT_datasets/CDS1_sinogram.bin
   THETA FILE : /home/ccuser/MemXCT/MemXCT_datasets/CDS1_theta.bin
  OUTPUT FILE : /home/ccuser/MemXCT/recon_CDS1.bin


PLACE TILES
lspat 16 lspatdim 16
lspec 24 lspecdim 32
MPI PARTITIONING
proc: 0 numspats: 22 numpixs: 22528 numspecs: 32 numrays: 32768
proc: 1 numspats: 22 numpixs: 22528 numspecs: 32 numrays: 32768
proc: 2 numspats: 22 numpixs: 22528 numspecs: 32 numrays: 32768
proc: 3 numspats: 22 numpixs: 22528 numspecs: 32 numrays: 32768
proc: 4 numspats: 21 numpixs: 21504 numspecs: 32 numrays: 32768
proc: 5 numspats: 21 numpixs: 21504 numspecs: 32 numrays: 32768
proc: 6 numspats: 21 numpixs: 21504 numspecs: 32 numrays: 32768
proc: 7 numspats: 21 numpixs: 21504 numspecs: 32 numrays: 32768
proc: 8 numspats: 21 numpixs: 21504 numspecs: 32 numrays: 32768
proc: 9 numspats: 21 numpixs: 21504 numspecs: 32 numrays: 32768
proc: 10 numspats: 21 numpixs: 21504 numspecs: 32 numrays: 32768
proc: 11 numspats: 21 numpixs: 21504 numspecs: 32 numrays: 32768
maxnumpix: 22528 maxnumray: 32768
FILL PIXELS AND RAYS
INPUT THETA DATA
DOMAIN PARTITIONING
myid 10 raynuminc 121527/1740347 raynumout 151486/1740347
myid 8 raynuminc 159386/1740347 raynumout 139625/1740347
myid 7 raynuminc 125372/1740347 raynumout 122581/1740347
myid 6 raynuminc 162208/1740347 raynumout 165232/1740347
myid 11 raynuminc 151375/1740347 raynumout 128391/1740347
myid 5 raynuminc 155827/1740347 raynumout 148248/1740347
myid 4 raynuminc 153375/1740347 raynumout 133905/1740347
myid 3 raynuminc 144366/1740347 raynumout 139604/1740347
myid 0 raynuminc 110305/1740347 raynumout 141832/1740347
myid 2 raynuminc 142759/1740347 raynumout 157014/1740347
myid 1 raynuminc 180604/1740347 raynumout 153284/1740347
myid 9 raynuminc 133243/1740347 raynumout 159145/1740347

CONSTRUCT PROJECTION MATRIX
CSR STORAGE: 235011239 (1.750970 GB) rownzmax 382
RAY-TRACING TIME: 1.224779e+00
CONSTRUCT BACKPROJECTION MATRIX
CSR STORAGE: 235011239 (1.750970 GB) rownzmax 1042
TRANSPOSITION TIME: 3.702927e-01

BLOCKING PROJECTION MATRIX
NUMBER OF BLOCKS: 13603 BUFFSIZE: 2048
NUMBER OF BUFFERS: 20656 AVERAGE BUFF/BLOCK: 1.518489 MAX BUFF/BLOCK: 3
BUFF MAP: 42303488 (0.157593 GB)
ELLPACK STORAGE: 297234688 (1.660928 GB) buffnzmax: 281 STORAGE EFFICIENCY: 1.185988 DATA REUSE: 8.545065
BLOCKING TIME: 3.823843e-01
BLOCKING BACKPROJECTION MATRIX
NUMBER OF BLOCKS: 2048 BUFFSIZE: 2048
NUMBER OF BUFFERS: 11662 AVERAGE BUFF/BLOCK: 5.694336 MAX BUFF/BLOCK: 6
BUFF MAP: 23883776 (0.088974 GB)
ELLPACK STORAGE: 275149312 (1.537517 GB) buffnzmax: 347 STORAGE EFFICIENCY: 1.281184 DATA REUSE: 10.667490
BLOCKING TIME: 5.879949e-01

FILL PROJECTION MATRIX
TIME: 1.289590e+00
FILL BACKPROJECTION MATRIX
TIME: 1.652166e+00
REDUCTION MAPPINGS
myid: 2 device: 2
PREPROCESSING TIME: 5.509020e+00
myid: 0 device: 0
myid: 10 device: 10
myid: 8 device: 8
myid: 4 device: 4
myid: 5 device: 5
myid: 7 device: 7
myid: 3 device: 3
myid: 11 device: 11
myid: 6 device: 6
myid: 1 device: 1
myid: 9 device: 9

Device Count: 2
Device 0 name: 1410994720
Computational Capabilities: 3, 7
Maximum global memory size: 11996954624
Maximum constant memory size: 65536
Maximum shared memory size per block: 49152
Maximum block dimensions: 1024x1024x64
Maximum grid dimensions: 2147483647x65535x65535
Maximum threads per block: 1024
Warp size: 32

PROC 1 TOTAL GPU MEMORY: 0.436420 GB
PROC 7 TOTAL GPU MEMORY: 0.375775 GB
PROC 6 TOTAL GPU MEMORY: 0.412439 GB
PROC 11 TOTAL GPU MEMORY: 0.356063 GB
PROC 0 TOTAL GPU MEMORY: 0.377986 GB
PROC 4 TOTAL GPU MEMORY: 0.404415 GB
PROC 8 TOTAL GPU MEMORY: 0.400419 GB
PROC 10 TOTAL GPU MEMORY: 0.418137 GB
PROC 3 TOTAL GPU MEMORY: 0.390261 GB
INPUT MEASUREMENT DATA
INPUT ENDS
GRADIENT-DESCENT OPTIMIZATION
PROC 9 TOTAL GPU MEMORY: 0.416535 GB
PROC 5 TOTAL GPU MEMORY: 0.420250 GB
PROC 2 TOTAL GPU MEMORY: 0.435315 GB
iter: 0 error: 4.959038e+04 gradnorm: 1.560967e+10
iter: 1 error: 5.316521e+03 gradnorm: 4.760839e+08
iter: 2 error: 5.074597e+02 gradnorm: 1.604488e+07
iter: 3 error: 2.940097e+02 gradnorm: 8.082408e+06
iter: 4 error: 1.716273e+02 gradnorm: 1.353846e+06
iter: 5 error: 1.154530e+02 gradnorm: 6.253466e+05
iter: 6 error: 8.899844e+01 gradnorm: 6.420536e+05
iter: 7 error: 7.490573e+01 gradnorm: 6.431194e+05
iter: 8 error: 7.032977e+01 gradnorm: 7.668459e+05
iter: 9 error: 5.778104e+01 gradnorm: 2.267178e+05
iter: 10 error: 4.873888e+01 gradnorm: 1.924559e+05
iter: 11 error: 4.171444e+01 gradnorm: 1.086261e+05
iter: 12 error: 3.749532e+01 gradnorm: 1.863799e+05
iter: 13 error: 3.463438e+01 gradnorm: 1.061272e+05
iter: 14 error: 3.147715e+01 gradnorm: 6.376182e+04
iter: 15 error: 2.985296e+01 gradnorm: 2.469858e+05
iter: 16 error: 2.841403e+01 gradnorm: 5.800311e+04
iter: 17 error: 2.682877e+01 gradnorm: 4.565652e+04
iter: 18 error: 2.524190e+01 gradnorm: 2.666368e+04
iter: 19 error: 2.394850e+01 gradnorm: 2.563714e+04
iter: 20 error: 2.288818e+01 gradnorm: 1.502829e+04
iter: 21 error: 2.196938e+01 gradnorm: 1.615193e+04
iter: 22 error: 2.180739e+01 gradnorm: 3.537456e+04
iter: 23 error: 2.120617e+01 gradnorm: 9.424484e+03
iter: 24 error: 2.067444e+01 gradnorm: 7.615255e+03
recon: 1.293778e+00 proj: 8.592866e-01 (6.704680e-01 1.138530e-01 4.038740e-02) backproj: 2.928002e-01 (1.686771e-02 7.768786e-02 1.943290e-01) ctime: 1.403479e-01 wtime: 1.051388e-03
numproj: 49 numback: 25
proj: 7.432397e+00 s (3.098745 GFLOPS) backproj: 2.900003e+00 s (4.051913 GFLOPS) avGFLOPS: 3.366271 totGFLOPS: 40.395257
proj: 12.873166 GB/s back: 15.055423 GB/s av: 13.485662 GB/s tot: 161.827944 GB/s
Total Time: 8.438159e+00
NUM. THETA             : 750
NUM. RHO               : 512
NUM. X PIXELS          : 512
NUM. Y PIXELS          : 512

NUM. OF PIXELS         : 262144
NUM. OF RAYS           : 384000

NUM. ITERATIONS        : 24

SPATIAL TILE SIZE      : 32
SPECTRAL TILE SIZE     : 32

NUMBER OF X TILES      : 16
NUMBER OF Y TILES      : 16
NUM. OF THETA TILES    : 24
NUM. OF RHO TILES      : 16

NUM. SPATIAL TILES     : 256
NUM. SPECTRAL TILES    : 384

NUM. OF X PIXELS (EXT) : 512
NUM. OF Y PIXELS (EXT) : 512
NUM. OF ANGLES (EXT)   : 768
NUM. OF RHOS (EXT)     : 512

NUM. OF PIXELS (EXT)   : 262144
NUM. OF RAYS (EXT)     : 393216

NUMBER OF PROCESSES    : 12
NUMBER OF THRD./PROC.  : 12

INTEGER: 4, FLOAT: 4, LONG: 8, SHORT: 2, POINTER: 8
APPROX. MEMORY     TOTAL: 4.394531e+00 GB
APPROX. MEMORY PER PROC.: 3.662109e-01 GB

X START       : -2.560000e+02
Y START       : -2.560000e+02
PIXEL SIZE    : 1.000000e+00
RHO START     : -2.560000e+02
RAY LENGTH    : 1.024000e+03

SPATIAL INDEXING       : 5
SPECTRAL INDEXING      : 5
 1: CARTESIAN, NATURAL
 2: CARTESIAN, TRANSPOSED
 3: MORTON, NATURAL
 4: MORTON, TRANSPOSED
PROJECTION BLOCK SIZE      : 128
BACKPROJECTION BLOCK SIZE  : 128
PROJECTION BUFFER SIZE      : 8 KB
BACKPROJECTION BUFFER SIZE  : 8 KB

SINOGRAM FILE : /home/ccuser/MemXCT/MemXCT_datasets/CDS1_sinogram.bin
   THETA FILE : /home/ccuser/MemXCT/MemXCT_datasets/CDS1_theta.bin
  OUTPUT FILE : /home/ccuser/MemXCT/recon_CDS1.bin


PLACE TILES
lspat 16 lspatdim 16
lspec 24 lspecdim 32
MPI PARTITIONING
proc: 0 numspats: 22 numpixs: 22528 numspecs: 32 numrays: 32768
proc: 1 numspats: 22 numpixs: 22528 numspecs: 32 numrays: 32768
proc: 2 numspats: 22 numpixs: 22528 numspecs: 32 numrays: 32768
proc: 3 numspats: 22 numpixs: 22528 numspecs: 32 numrays: 32768
proc: 4 numspats: 21 numpixs: 21504 numspecs: 32 numrays: 32768
proc: 5 numspats: 21 numpixs: 21504 numspecs: 32 numrays: 32768
proc: 6 numspats: 21 numpixs: 21504 numspecs: 32 numrays: 32768
proc: 7 numspats: 21 numpixs: 21504 numspecs: 32 numrays: 32768
proc: 8 numspats: 21 numpixs: 21504 numspecs: 32 numrays: 32768
proc: 9 numspats: 21 numpixs: 21504 numspecs: 32 numrays: 32768
proc: 10 numspats: 21 numpixs: 21504 numspecs: 32 numrays: 32768
proc: 11 numspats: 21 numpixs: 21504 numspecs: 32 numrays: 32768
maxnumpix: 22528 maxnumray: 32768
FILL PIXELS AND RAYS
INPUT THETA DATA
DOMAIN PARTITIONING
myid 3 raynuminc 144366/1740347 raynumout 139604/1740347
myid 10 raynuminc 121527/1740347 raynumout 151486/1740347
myid 5 raynuminc 155827/1740347 raynumout 148248/1740347
myid 8 raynuminc 159386/1740347 raynumout 139625/1740347
myid 4 raynuminc 153375/1740347 raynumout 133905/1740347
myid 6 raynuminc 162208/1740347 raynumout 165232/1740347
myid 7 raynuminc 125372/1740347 raynumout 122581/1740347
myid 11 raynuminc 151375/1740347 raynumout 128391/1740347
myid 2 raynuminc 142759/1740347 raynumout 157014/1740347
myid 1 raynuminc 180604/1740347 raynumout 153284/1740347
myid 0 raynuminc 110305/1740347 raynumout 141832/1740347
myid 9 raynuminc 133243/1740347 raynumout 159145/1740347

CONSTRUCT PROJECTION MATRIX
CSR STORAGE: 235011239 (1.750970 GB) rownzmax 382
RAY-TRACING TIME: 1.213797e+00
CONSTRUCT BACKPROJECTION MATRIX
CSR STORAGE: 235011239 (1.750970 GB) rownzmax 1042
TRANSPOSITION TIME: 3.707612e-01

BLOCKING PROJECTION MATRIX
NUMBER OF BLOCKS: 13603 BUFFSIZE: 2048
NUMBER OF BUFFERS: 20656 AVERAGE BUFF/BLOCK: 1.518489 MAX BUFF/BLOCK: 3
BUFF MAP: 42303488 (0.157593 GB)
ELLPACK STORAGE: 297234688 (1.660928 GB) buffnzmax: 281 STORAGE EFFICIENCY: 1.185988 DATA REUSE: 8.545065
BLOCKING TIME: 3.840594e-01
BLOCKING BACKPROJECTION MATRIX
NUMBER OF BLOCKS: 2048 BUFFSIZE: 2048
NUMBER OF BUFFERS: 11662 AVERAGE BUFF/BLOCK: 5.694336 MAX BUFF/BLOCK: 6
BUFF MAP: 23883776 (0.088974 GB)
ELLPACK STORAGE: 275149312 (1.537517 GB) buffnzmax: 347 STORAGE EFFICIENCY: 1.281184 DATA REUSE: 10.667490
BLOCKING TIME: 5.818251e-01

FILL PROJECTION MATRIX
TIME: 1.302673e+00
FILL BACKPROJECTION MATRIX
TIME: 1.678688e+00
REDUCTION MAPPINGS
myid: 5 device: 5
myid: 1 device: 1
myid: 7 device: 7
myid: 9 device: 9
myid: 2 device: 2
myid: 6 device: 6
myid: 4 device: 4
myid: 11 device: 11
myid: 8 device: 8
myid: 10 device: 10
myid: 3 device: 3
PREPROCESSING TIME: 5.534298e+00
myid: 0 device: 0

Device Count: 2
Device 0 name: -1096526208
Computational Capabilities: 3, 7
Maximum global memory size: 11996954624
Maximum constant memory size: 65536
Maximum shared memory size per block: 49152
Maximum block dimensions: 1024x1024x64
Maximum grid dimensions: 2147483647x65535x65535
Maximum threads per block: 1024
Warp size: 32

PROC 1 TOTAL GPU MEMORY: 0.436420 GB
PROC 7 TOTAL GPU MEMORY: 0.375775 GB
PROC 11 TOTAL GPU MEMORY: 0.356063 GB
PROC 0 TOTAL GPU MEMORY: 0.377986 GB
PROC 3 TOTAL GPU MEMORY: 0.390261 GB
PROC 6 TOTAL GPU MEMORY: 0.412439 GB
PROC 4 TOTAL GPU MEMORY: 0.404415 GB
PROC 10 TOTAL GPU MEMORY: 0.418137 GB
PROC 2 TOTAL GPU MEMORY: 0.435315 GB
PROC 5 TOTAL GPU MEMORY: 0.420250 GB
PROC 9 TOTAL GPU MEMORY: 0.416535 GB
PROC 8 TOTAL GPU MEMORY: 0.400419 GB
INPUT MEASUREMENT DATA
INPUT ENDS
GRADIENT-DESCENT OPTIMIZATION
iter: 0 error: 4.959038e+04 gradnorm: 1.560967e+10
iter: 1 error: 5.316521e+03 gradnorm: 4.760838e+08
iter: 2 error: 5.074597e+02 gradnorm: 1.604488e+07
iter: 3 error: 2.940097e+02 gradnorm: 8.082406e+06
iter: 4 error: 1.716273e+02 gradnorm: 1.353846e+06
iter: 5 error: 1.154529e+02 gradnorm: 6.253174e+05
iter: 6 error: 8.898148e+01 gradnorm: 6.366951e+05
iter: 7 error: 7.413809e+01 gradnorm: 4.267901e+05
iter: 8 error: 6.291381e+01 gradnorm: 1.132498e+06
iter: 9 error: 5.771280e+01 gradnorm: 2.479491e+05
iter: 10 error: 4.873859e+01 gradnorm: 1.925532e+05
iter: 11 error: 4.171457e+01 gradnorm: 1.086404e+05
iter: 12 error: 3.749745e+01 gradnorm: 1.864679e+05
iter: 13 error: 3.463477e+01 gradnorm: 1.060552e+05
iter: 14 error: 3.146798e+01 gradnorm: 6.079103e+04
iter: 15 error: 2.886669e+01 gradnorm: 9.087572e+04
iter: 16 error: 2.823486e+01 gradnorm: 1.022390e+05
iter: 17 error: 2.682696e+01 gradnorm: 4.621061e+04
iter: 18 error: 2.524190e+01 gradnorm: 2.666522e+04
iter: 19 error: 2.394850e+01 gradnorm: 2.563710e+04
iter: 20 error: 2.288815e+01 gradnorm: 1.502014e+04
iter: 21 error: 2.195906e+01 gradnorm: 1.269742e+04
iter: 22 error: 2.151332e+01 gradnorm: 6.108982e+04
iter: 23 error: 2.120493e+01 gradnorm: 9.909631e+03
iter: 24 error: 2.068179e+01 gradnorm: 8.474862e+03
recon: 1.300793e+00 proj: 8.351105e-01 (6.686232e-01 1.154358e-01 3.741775e-02) backproj: 3.206874e-01 (1.722030e-02 6.816842e-02 2.326222e-01) ctime: 1.415107e-01 wtime: 2.058564e-03
numproj: 49 numback: 25
proj: 7.432692e+00 s (3.098622 GFLOPS) backproj: 2.765880e+00 s (4.248399 GFLOPS) avGFLOPS: 3.410444 totGFLOPS: 40.925332
proj: 12.872655 GB/s back: 15.785491 GB/s av: 13.662624 GB/s tot: 163.951484 GB/s
Total Time: 8.480467e+00
NUM. THETA             : 750
NUM. RHO               : 512
NUM. X PIXELS          : 512
NUM. Y PIXELS          : 512

NUM. OF PIXELS         : 262144
NUM. OF RAYS           : 384000

NUM. ITERATIONS        : 24

SPATIAL TILE SIZE      : 32
SPECTRAL TILE SIZE     : 32

NUMBER OF X TILES      : 16
NUMBER OF Y TILES      : 16
NUM. OF THETA TILES    : 24
NUM. OF RHO TILES      : 16

NUM. SPATIAL TILES     : 256
NUM. SPECTRAL TILES    : 384

NUM. OF X PIXELS (EXT) : 512
NUM. OF Y PIXELS (EXT) : 512
NUM. OF ANGLES (EXT)   : 768
NUM. OF RHOS (EXT)     : 512

NUM. OF PIXELS (EXT)   : 262144
NUM. OF RAYS (EXT)     : 393216

NUMBER OF PROCESSES    : 12
NUMBER OF THRD./PROC.  : 12

INTEGER: 4, FLOAT: 4, LONG: 8, SHORT: 2, POINTER: 8
APPROX. MEMORY     TOTAL: 4.394531e+00 GB
APPROX. MEMORY PER PROC.: 3.662109e-01 GB

X START       : -2.560000e+02
Y START       : -2.560000e+02
PIXEL SIZE    : 1.000000e+00
RHO START     : -2.560000e+02
RAY LENGTH    : 1.024000e+03

SPATIAL INDEXING       : 5
SPECTRAL INDEXING      : 5
 1: CARTESIAN, NATURAL
 2: CARTESIAN, TRANSPOSED
 3: MORTON, NATURAL
 4: MORTON, TRANSPOSED
PROJECTION BLOCK SIZE      : 128
BACKPROJECTION BLOCK SIZE  : 128
PROJECTION BUFFER SIZE      : 8 KB
BACKPROJECTION BUFFER SIZE  : 8 KB

SINOGRAM FILE : /home/ccuser/MemXCT/MemXCT_datasets/CDS1_sinogram.bin
   THETA FILE : /home/ccuser/MemXCT/MemXCT_datasets/CDS1_theta.bin
  OUTPUT FILE : /home/ccuser/MemXCT/recon_CDS1.bin


PLACE TILES
lspat 16 lspatdim 16
lspec 24 lspecdim 32
MPI PARTITIONING
proc: 0 numspats: 22 numpixs: 22528 numspecs: 32 numrays: 32768
proc: 1 numspats: 22 numpixs: 22528 numspecs: 32 numrays: 32768
proc: 2 numspats: 22 numpixs: 22528 numspecs: 32 numrays: 32768
proc: 3 numspats: 22 numpixs: 22528 numspecs: 32 numrays: 32768
proc: 4 numspats: 21 numpixs: 21504 numspecs: 32 numrays: 32768
proc: 5 numspats: 21 numpixs: 21504 numspecs: 32 numrays: 32768
proc: 6 numspats: 21 numpixs: 21504 numspecs: 32 numrays: 32768
proc: 7 numspats: 21 numpixs: 21504 numspecs: 32 numrays: 32768
proc: 8 numspats: 21 numpixs: 21504 numspecs: 32 numrays: 32768
proc: 9 numspats: 21 numpixs: 21504 numspecs: 32 numrays: 32768
proc: 10 numspats: 21 numpixs: 21504 numspecs: 32 numrays: 32768
proc: 11 numspats: 21 numpixs: 21504 numspecs: 32 numrays: 32768
maxnumpix: 22528 maxnumray: 32768
FILL PIXELS AND RAYS
INPUT THETA DATA
DOMAIN PARTITIONING
myid 6 raynuminc 162208/1740347 raynumout 165232/1740347
myid 4 raynuminc 153375/1740347 raynumout 133905/1740347
myid 8 raynuminc 159386/1740347 raynumout 139625/1740347
myid 7 raynuminc 125372/1740347 raynumout 122581/1740347
myid 11 raynuminc 151375/1740347 raynumout 128391/1740347
myid 9 raynuminc 133243/1740347 raynumout 159145/1740347
myid 0 raynuminc 110305/1740347 raynumout 141832/1740347
myid 3 raynuminc 144366/1740347 raynumout 139604/1740347
myid 1 raynuminc 180604/1740347 raynumout 153284/1740347
myid 10 raynuminc 121527/1740347 raynumout 151486/1740347
myid 2 raynuminc 142759/1740347 raynumout 157014/1740347
myid 5 raynuminc 155827/1740347 raynumout 148248/1740347

CONSTRUCT PROJECTION MATRIX
CSR STORAGE: 235011239 (1.750970 GB) rownzmax 382
RAY-TRACING TIME: 1.226226e+00
CONSTRUCT BACKPROJECTION MATRIX
CSR STORAGE: 235011239 (1.750970 GB) rownzmax 1042
TRANSPOSITION TIME: 3.781303e-01

BLOCKING PROJECTION MATRIX
NUMBER OF BLOCKS: 13603 BUFFSIZE: 2048
NUMBER OF BUFFERS: 20656 AVERAGE BUFF/BLOCK: 1.518489 MAX BUFF/BLOCK: 3
BUFF MAP: 42303488 (0.157593 GB)
ELLPACK STORAGE: 297234688 (1.660928 GB) buffnzmax: 281 STORAGE EFFICIENCY: 1.185988 DATA REUSE: 8.545065
BLOCKING TIME: 3.948100e-01
BLOCKING BACKPROJECTION MATRIX
NUMBER OF BLOCKS: 2048 BUFFSIZE: 2048
NUMBER OF BUFFERS: 11662 AVERAGE BUFF/BLOCK: 5.694336 MAX BUFF/BLOCK: 6
BUFF MAP: 23883776 (0.088974 GB)
ELLPACK STORAGE: 275149312 (1.537517 GB) buffnzmax: 347 STORAGE EFFICIENCY: 1.281184 DATA REUSE: 10.667490
BLOCKING TIME: 5.884135e-01

FILL PROJECTION MATRIX
TIME: 1.307397e+00
FILL BACKPROJECTION MATRIX
TIME: 1.677230e+00
REDUCTION MAPPINGS
myid: 4 device: 4
myid: 10 device: 10
myid: 6 device: 6
myid: 8 device: 8
myid: 3 device: 3
myid: 2 device: 2
myid: 5 device: 5
myid: 11 device: 11
myid: 9 device: 9
myid: 1 device: 1
myid: 7 device: 7
PREPROCESSING TIME: 5.574144e+00
myid: 0 device: 0

Device Count: 2
Device 0 name: 350432384
Computational Capabilities: 3, 7
Maximum global memory size: 11996954624
Maximum constant memory size: 65536
Maximum shared memory size per block: 49152
Maximum block dimensions: 1024x1024x64
Maximum grid dimensions: 2147483647x65535x65535
Maximum threads per block: 1024
Warp size: 32

PROC 1 TOTAL GPU MEMORY: 0.436420 GB
PROC 11 TOTAL GPU MEMORY: 0.356063 GB
PROC 8 TOTAL GPU MEMORY: 0.400419 GB
PROC 7 TOTAL GPU MEMORY: 0.375775 GB
PROC 4 TOTAL GPU MEMORY: 0.404415 GB
PROC 3 TOTAL GPU MEMORY: 0.390261 GB
PROC 0 TOTAL GPU MEMORY: 0.377986 GB
PROC 6 TOTAL GPU MEMORY: 0.412439 GB
PROC 10 TOTAL GPU MEMORY: 0.418137 GB
PROC 5 TOTAL GPU MEMORY: 0.420250 GB
PROC 2 TOTAL GPU MEMORY: 0.435315 GB
INPUT MEASUREMENT DATA
INPUT ENDS
GRADIENT-DESCENT OPTIMIZATION
PROC 9 TOTAL GPU MEMORY: 0.416535 GB
iter: 0 error: 4.959038e+04 gradnorm: 1.560967e+10
iter: 1 error: 5.316521e+03 gradnorm: 4.760838e+08
iter: 2 error: 5.074598e+02 gradnorm: 1.604488e+07
iter: 3 error: 2.940097e+02 gradnorm: 8.082408e+06
iter: 4 error: 1.716273e+02 gradnorm: 1.353846e+06
iter: 5 error: 1.154529e+02 gradnorm: 6.253169e+05
iter: 6 error: 8.898124e+01 gradnorm: 6.366241e+05
iter: 7 error: 7.412714e+01 gradnorm: 4.234840e+05
iter: 8 error: 6.219384e+01 gradnorm: 1.018722e+06
iter: 9 error: 5.768888e+01 gradnorm: 2.553026e+05
iter: 10 error: 4.873848e+01 gradnorm: 1.925870e+05
iter: 11 error: 4.171457e+01 gradnorm: 1.086403e+05
iter: 12 error: 3.749743e+01 gradnorm: 1.864672e+05
iter: 13 error: 3.463476e+01 gradnorm: 1.060539e+05
iter: 14 error: 3.146758e+01 gradnorm: 6.066144e+04
iter: 15 error: 2.878799e+01 gradnorm: 6.702455e+04
iter: 16 error: 2.785303e+01 gradnorm: 1.481423e+05
iter: 17 error: 2.682027e+01 gradnorm: 4.824458e+04
iter: 18 error: 2.524188e+01 gradnorm: 2.667097e+04
iter: 19 error: 2.394850e+01 gradnorm: 2.563714e+04
iter: 20 error: 2.288815e+01 gradnorm: 1.501931e+04
iter: 21 error: 2.195799e+01 gradnorm: 1.233483e+04
iter: 22 error: 2.129382e+01 gradnorm: 2.025960e+04
iter: 23 error: 2.118818e+01 gradnorm: 1.518375e+04
iter: 24 error: 2.067958e+01 gradnorm: 8.239836e+03
recon: 1.279820e+00 proj: 8.348036e-01 (6.696307e-01 1.147254e-01 3.681196e-02) backproj: 3.168656e-01 (1.694461e-02 5.977996e-02 2.374153e-01) ctime: 1.240661e-01 wtime: 3.674931e-03
numproj: 49 numback: 25
proj: 7.424579e+00 s (3.102008 GFLOPS) backproj: 2.888448e+00 s (4.068123 GFLOPS) avGFLOPS: 3.372595 totGFLOPS: 40.471142
proj: 12.886722 GB/s back: 15.115653 GB/s av: 13.510996 GB/s tot: 162.131947 GB/s
Total Time: 8.487953e+00
NUM. THETA             : 750
NUM. RHO               : 512
NUM. X PIXELS          : 512
NUM. Y PIXELS          : 512

NUM. OF PIXELS         : 262144
NUM. OF RAYS           : 384000

NUM. ITERATIONS        : 24

SPATIAL TILE SIZE      : 32
SPECTRAL TILE SIZE     : 32

NUMBER OF X TILES      : 16
NUMBER OF Y TILES      : 16
NUM. OF THETA TILES    : 24
NUM. OF RHO TILES      : 16

NUM. SPATIAL TILES     : 256
NUM. SPECTRAL TILES    : 384

NUM. OF X PIXELS (EXT) : 512
NUM. OF Y PIXELS (EXT) : 512
NUM. OF ANGLES (EXT)   : 768
NUM. OF RHOS (EXT)     : 512

NUM. OF PIXELS (EXT)   : 262144
NUM. OF RAYS (EXT)     : 393216

NUMBER OF PROCESSES    : 12
NUMBER OF THRD./PROC.  : 12

INTEGER: 4, FLOAT: 4, LONG: 8, SHORT: 2, POINTER: 8
APPROX. MEMORY     TOTAL: 4.394531e+00 GB
APPROX. MEMORY PER PROC.: 3.662109e-01 GB

X START       : -2.560000e+02
Y START       : -2.560000e+02
PIXEL SIZE    : 1.000000e+00
RHO START     : -2.560000e+02
RAY LENGTH    : 1.024000e+03

SPATIAL INDEXING       : 5
SPECTRAL INDEXING      : 5
 1: CARTESIAN, NATURAL
 2: CARTESIAN, TRANSPOSED
 3: MORTON, NATURAL
 4: MORTON, TRANSPOSED
PROJECTION BLOCK SIZE      : 128
BACKPROJECTION BLOCK SIZE  : 128
PROJECTION BUFFER SIZE      : 8 KB
BACKPROJECTION BUFFER SIZE  : 8 KB

SINOGRAM FILE : /home/ccuser/MemXCT/MemXCT_datasets/CDS1_sinogram.bin
   THETA FILE : /home/ccuser/MemXCT/MemXCT_datasets/CDS1_theta.bin
  OUTPUT FILE : /home/ccuser/MemXCT/recon_CDS1.bin


PLACE TILES
lspat 16 lspatdim 16
lspec 24 lspecdim 32
MPI PARTITIONING
proc: 0 numspats: 22 numpixs: 22528 numspecs: 32 numrays: 32768
proc: 1 numspats: 22 numpixs: 22528 numspecs: 32 numrays: 32768
proc: 2 numspats: 22 numpixs: 22528 numspecs: 32 numrays: 32768
proc: 3 numspats: 22 numpixs: 22528 numspecs: 32 numrays: 32768
proc: 4 numspats: 21 numpixs: 21504 numspecs: 32 numrays: 32768
proc: 5 numspats: 21 numpixs: 21504 numspecs: 32 numrays: 32768
proc: 6 numspats: 21 numpixs: 21504 numspecs: 32 numrays: 32768
proc: 7 numspats: 21 numpixs: 21504 numspecs: 32 numrays: 32768
proc: 8 numspats: 21 numpixs: 21504 numspecs: 32 numrays: 32768
proc: 9 numspats: 21 numpixs: 21504 numspecs: 32 numrays: 32768
proc: 10 numspats: 21 numpixs: 21504 numspecs: 32 numrays: 32768
proc: 11 numspats: 21 numpixs: 21504 numspecs: 32 numrays: 32768
maxnumpix: 22528 maxnumray: 32768
FILL PIXELS AND RAYS
INPUT THETA DATA
DOMAIN PARTITIONING
myid 9 raynuminc 133243/1740347 raynumout 159145/1740347
myid 5 raynuminc 155827/1740347 raynumout 148248/1740347
myid 4 raynuminc 153375/1740347 raynumout 133905/1740347
myid 7 raynuminc 125372/1740347 raynumout 122581/1740347
myid 11 raynuminc 151375/1740347 raynumout 128391/1740347
myid 8 raynuminc 159386/1740347 raynumout 139625/1740347
myid 2 raynuminc 142759/1740347 raynumout 157014/1740347
myid 6 raynuminc 162208/1740347 raynumout 165232/1740347
myid 3 raynuminc 144366/1740347 raynumout 139604/1740347
myid 1 raynuminc 180604/1740347 raynumout 153284/1740347
myid 0 raynuminc 110305/1740347 raynumout 141832/1740347
myid 10 raynuminc 121527/1740347 raynumout 151486/1740347

CONSTRUCT PROJECTION MATRIX
CSR STORAGE: 235011239 (1.750970 GB) rownzmax 382
RAY-TRACING TIME: 1.217855e+00
CONSTRUCT BACKPROJECTION MATRIX
CSR STORAGE: 235011239 (1.750970 GB) rownzmax 1042
TRANSPOSITION TIME: 3.695601e-01

BLOCKING PROJECTION MATRIX
NUMBER OF BLOCKS: 13603 BUFFSIZE: 2048
NUMBER OF BUFFERS: 20656 AVERAGE BUFF/BLOCK: 1.518489 MAX BUFF/BLOCK: 3
BUFF MAP: 42303488 (0.157593 GB)
ELLPACK STORAGE: 297234688 (1.660928 GB) buffnzmax: 281 STORAGE EFFICIENCY: 1.185988 DATA REUSE: 8.545065
BLOCKING TIME: 3.940834e-01
BLOCKING BACKPROJECTION MATRIX
NUMBER OF BLOCKS: 2048 BUFFSIZE: 2048
NUMBER OF BUFFERS: 11662 AVERAGE BUFF/BLOCK: 5.694336 MAX BUFF/BLOCK: 6
BUFF MAP: 23883776 (0.088974 GB)
ELLPACK STORAGE: 275149312 (1.537517 GB) buffnzmax: 347 STORAGE EFFICIENCY: 1.281184 DATA REUSE: 10.667490
BLOCKING TIME: 5.988506e-01

FILL PROJECTION MATRIX
TIME: 1.312460e+00
FILL BACKPROJECTION MATRIX
TIME: 1.670480e+00
REDUCTION MAPPINGS
PREPROCESSING TIME: 5.565300e+00
myid: 0 device: 0
myid: 5 device: 5
myid: 2 device: 2
myid: 11 device: 11
myid: 8 device: 8
myid: 6 device: 6
myid: 4 device: 4
myid: 10 device: 10
myid: 3 device: 3
myid: 1 device: 1
myid: 9 device: 9

Device Count: 2
myid: 7 device: 7
Device 0 name: 2048762864
Computational Capabilities: 3, 7
Maximum global memory size: 11996954624
Maximum constant memory size: 65536
Maximum shared memory size per block: 49152
Maximum block dimensions: 1024x1024x64
Maximum grid dimensions: 2147483647x65535x65535
Maximum threads per block: 1024
Warp size: 32

PROC 1 TOTAL GPU MEMORY: 0.436420 GB
PROC 4 TOTAL GPU MEMORY: 0.404415 GB
PROC 3 TOTAL GPU MEMORY: 0.390261 GB
PROC 11 TOTAL GPU MEMORY: 0.356063 GB
PROC 7 TOTAL GPU MEMORY: 0.375775 GB
PROC 8 TOTAL GPU MEMORY: 0.400419 GB
PROC 0 TOTAL GPU MEMORY: 0.377986 GB
INPUT MEASUREMENT DATA
INPUT ENDS
GRADIENT-DESCENT OPTIMIZATION
PROC 9 TOTAL GPU MEMORY: 0.416535 GB
PROC 10 TOTAL GPU MEMORY: 0.418137 GB
PROC 6 TOTAL GPU MEMORY: 0.412439 GB
PROC 5 TOTAL GPU MEMORY: 0.420250 GB
PROC 2 TOTAL GPU MEMORY: 0.435315 GB
iter: 0 error: 4.959038e+04 gradnorm: 1.560967e+10
iter: 1 error: 5.316521e+03 gradnorm: 4.760838e+08
iter: 2 error: 5.074597e+02 gradnorm: 1.604488e+07
iter: 3 error: 2.940097e+02 gradnorm: 8.082406e+06
iter: 4 error: 1.716274e+02 gradnorm: 1.353846e+06
iter: 5 error: 1.154530e+02 gradnorm: 6.253296e+05
iter: 6 error: 8.898869e+01 gradnorm: 6.389742e+05
iter: 7 error: 7.447766e+01 gradnorm: 5.262261e+05
iter: 8 error: 6.909187e+01 gradnorm: 1.022775e+06
iter: 9 error: 5.777668e+01 gradnorm: 2.280868e+05
iter: 10 error: 4.873888e+01 gradnorm: 1.924627e+05
iter: 11 error: 4.171452e+01 gradnorm: 1.086343e+05
iter: 12 error: 3.749656e+01 gradnorm: 1.864328e+05
iter: 13 error: 3.463470e+01 gradnorm: 1.061107e+05
iter: 14 error: 3.147860e+01 gradnorm: 6.422803e+04
iter: 15 error: 2.993522e+01 gradnorm: 2.480537e+05
iter: 16 error: 2.841553e+01 gradnorm: 5.756808e+04
iter: 17 error: 2.682877e+01 gradnorm: 4.565271e+04
iter: 18 error: 2.524191e+01 gradnorm: 2.666371e+04
iter: 19 error: 2.394850e+01 gradnorm: 2.563716e+04
iter: 20 error: 2.288819e+01 gradnorm: 1.503236e+04
iter: 21 error: 2.197441e+01 gradnorm: 1.780368e+04
iter: 22 error: 2.183014e+01 gradnorm: 2.954527e+04
iter: 23 error: 2.120646e+01 gradnorm: 9.437216e+03
iter: 24 error: 2.068490e+01 gradnorm: 8.830370e+03
recon: 1.266931e+00 proj: 8.246933e-01 (6.680724e-01 1.055623e-01 3.642647e-02) backproj: 3.316166e-01 (1.680681e-02 5.948667e-02 2.347794e-01) ctime: 1.070191e-01 wtime: 3.137642e-03
numproj: 49 numback: 25
proj: 7.423300e+00 s (3.102542 GFLOPS) backproj: 2.966276e+00 s (3.961385 GFLOPS) avGFLOPS: 3.347746 totGFLOPS: 40.172954
proj: 12.888942 GB/s back: 14.719053 GB/s av: 13.411448 GB/s tot: 160.937373 GB/s
Total Time: 8.473081e+00
NUM. THETA             : 750
NUM. RHO               : 512
NUM. X PIXELS          : 512
NUM. Y PIXELS          : 512

NUM. OF PIXELS         : 262144
NUM. OF RAYS           : 384000

NUM. ITERATIONS        : 24

SPATIAL TILE SIZE      : 32
SPECTRAL TILE SIZE     : 32

NUMBER OF X TILES      : 16
NUMBER OF Y TILES      : 16
NUM. OF THETA TILES    : 24
NUM. OF RHO TILES      : 16

NUM. SPATIAL TILES     : 256
NUM. SPECTRAL TILES    : 384

NUM. OF X PIXELS (EXT) : 512
NUM. OF Y PIXELS (EXT) : 512
NUM. OF ANGLES (EXT)   : 768
NUM. OF RHOS (EXT)     : 512

NUM. OF PIXELS (EXT)   : 262144
NUM. OF RAYS (EXT)     : 393216

NUMBER OF PROCESSES    : 12
NUMBER OF THRD./PROC.  : 12

INTEGER: 4, FLOAT: 4, LONG: 8, SHORT: 2, POINTER: 8
APPROX. MEMORY     TOTAL: 4.394531e+00 GB
APPROX. MEMORY PER PROC.: 3.662109e-01 GB

X START       : -2.560000e+02
Y START       : -2.560000e+02
PIXEL SIZE    : 1.000000e+00
RHO START     : -2.560000e+02
RAY LENGTH    : 1.024000e+03

SPATIAL INDEXING       : 5
SPECTRAL INDEXING      : 5
 1: CARTESIAN, NATURAL
 2: CARTESIAN, TRANSPOSED
 3: MORTON, NATURAL
 4: MORTON, TRANSPOSED
PROJECTION BLOCK SIZE      : 128
BACKPROJECTION BLOCK SIZE  : 128
PROJECTION BUFFER SIZE      : 8 KB
BACKPROJECTION BUFFER SIZE  : 8 KB

SINOGRAM FILE : /home/ccuser/MemXCT/MemXCT_datasets/CDS1_sinogram.bin
   THETA FILE : /home/ccuser/MemXCT/MemXCT_datasets/CDS1_theta.bin
  OUTPUT FILE : /home/ccuser/MemXCT/recon_CDS1.bin


PLACE TILES
lspat 16 lspatdim 16
lspec 24 lspecdim 32
MPI PARTITIONING
proc: 0 numspats: 22 numpixs: 22528 numspecs: 32 numrays: 32768
proc: 1 numspats: 22 numpixs: 22528 numspecs: 32 numrays: 32768
proc: 2 numspats: 22 numpixs: 22528 numspecs: 32 numrays: 32768
proc: 3 numspats: 22 numpixs: 22528 numspecs: 32 numrays: 32768
proc: 4 numspats: 21 numpixs: 21504 numspecs: 32 numrays: 32768
proc: 5 numspats: 21 numpixs: 21504 numspecs: 32 numrays: 32768
proc: 6 numspats: 21 numpixs: 21504 numspecs: 32 numrays: 32768
proc: 7 numspats: 21 numpixs: 21504 numspecs: 32 numrays: 32768
proc: 8 numspats: 21 numpixs: 21504 numspecs: 32 numrays: 32768
proc: 9 numspats: 21 numpixs: 21504 numspecs: 32 numrays: 32768
proc: 10 numspats: 21 numpixs: 21504 numspecs: 32 numrays: 32768
proc: 11 numspats: 21 numpixs: 21504 numspecs: 32 numrays: 32768
maxnumpix: 22528 maxnumray: 32768
FILL PIXELS AND RAYS
INPUT THETA DATA
DOMAIN PARTITIONING
myid 2 raynuminc 142759/1740347 raynumout 157014/1740347
myid 7 raynuminc 125372/1740347 raynumout 122581/1740347
myid 8 raynuminc 159386/1740347 raynumout 139625/1740347
myid 11 raynuminc 151375/1740347 raynumout 128391/1740347
myid 5 raynuminc 155827/1740347 raynumout 148248/1740347
myid 6 raynuminc 162208/1740347 raynumout 165232/1740347
myid 0 raynuminc 110305/1740347 raynumout 141832/1740347
myid 1 raynuminc 180604/1740347 raynumout 153284/1740347
myid 9 raynuminc 133243/1740347 raynumout 159145/1740347
myid 3 raynuminc 144366/1740347 raynumout 139604/1740347
myid 10 raynuminc 121527/1740347 raynumout 151486/1740347
myid 4 raynuminc 153375/1740347 raynumout 133905/1740347

CONSTRUCT PROJECTION MATRIX
CSR STORAGE: 235011239 (1.750970 GB) rownzmax 382
RAY-TRACING TIME: 1.265333e+00
CONSTRUCT BACKPROJECTION MATRIX
CSR STORAGE: 235011239 (1.750970 GB) rownzmax 1042
TRANSPOSITION TIME: 3.710849e-01

BLOCKING PROJECTION MATRIX
NUMBER OF BLOCKS: 13603 BUFFSIZE: 2048
NUMBER OF BUFFERS: 20656 AVERAGE BUFF/BLOCK: 1.518489 MAX BUFF/BLOCK: 3
BUFF MAP: 42303488 (0.157593 GB)
ELLPACK STORAGE: 297234688 (1.660928 GB) buffnzmax: 281 STORAGE EFFICIENCY: 1.185988 DATA REUSE: 8.545065
BLOCKING TIME: 3.867223e-01
BLOCKING BACKPROJECTION MATRIX
NUMBER OF BLOCKS: 2048 BUFFSIZE: 2048
NUMBER OF BUFFERS: 11662 AVERAGE BUFF/BLOCK: 5.694336 MAX BUFF/BLOCK: 6
BUFF MAP: 23883776 (0.088974 GB)
ELLPACK STORAGE: 275149312 (1.537517 GB) buffnzmax: 347 STORAGE EFFICIENCY: 1.281184 DATA REUSE: 10.667490
BLOCKING TIME: 5.941562e-01

FILL PROJECTION MATRIX
TIME: 1.309853e+00
FILL BACKPROJECTION MATRIX
TIME: 1.669569e+00
REDUCTION MAPPINGS
myid: 10 device: 10
myid: 1 device: 1
myid: 8 device: 8
myid: 5 device: 5
myid: 9 device: 9
myid: 6 device: 6
myid: 4 device: 4
myid: 7 device: 7
myid: 2 device: 2
myid: 11 device: 11
myid: 3 device: 3
PREPROCESSING TIME: 5.598650e+00
myid: 0 device: 0

Device Count: 2
Device 0 name: -614754896
Computational Capabilities: 3, 7
Maximum global memory size: 11996954624
Maximum constant memory size: 65536
Maximum shared memory size per block: 49152
Maximum block dimensions: 1024x1024x64
Maximum grid dimensions: 2147483647x65535x65535
Maximum threads per block: 1024
Warp size: 32

PROC 1 TOTAL GPU MEMORY: 0.436420 GB
PROC 11 TOTAL GPU MEMORY: 0.356063 GB
PROC 7 TOTAL GPU MEMORY: 0.375775 GB
PROC 0 TOTAL GPU MEMORY: 0.377986 GB
PROC 3 TOTAL GPU MEMORY: 0.390261 GB
PROC 8 TOTAL GPU MEMORY: 0.400419 GB
PROC 6 TOTAL GPU MEMORY: 0.412439 GB
INPUT MEASUREMENT DATA
INPUT ENDS
GRADIENT-DESCENT OPTIMIZATION
PROC 4 TOTAL GPU MEMORY: 0.404415 GB
PROC 9 TOTAL GPU MEMORY: 0.416535 GB
PROC 5 TOTAL GPU MEMORY: 0.420250 GB
PROC 2 TOTAL GPU MEMORY: 0.435315 GB
PROC 10 TOTAL GPU MEMORY: 0.418137 GB
iter: 0 error: 4.959038e+04 gradnorm: 1.560967e+10
iter: 1 error: 5.316521e+03 gradnorm: 4.760838e+08
iter: 2 error: 5.074598e+02 gradnorm: 1.604488e+07
iter: 3 error: 2.940097e+02 gradnorm: 8.082408e+06
iter: 4 error: 1.716273e+02 gradnorm: 1.353846e+06
iter: 5 error: 1.154529e+02 gradnorm: 6.253169e+05
iter: 6 error: 8.898135e+01 gradnorm: 6.366616e+05
iter: 7 error: 7.413295e+01 gradnorm: 4.252430e+05
iter: 8 error: 6.259077e+01 gradnorm: 1.084715e+06
iter: 9 error: 5.770327e+01 gradnorm: 2.508814e+05
iter: 10 error: 4.873854e+01 gradnorm: 1.925662e+05
iter: 11 error: 4.171452e+01 gradnorm: 1.086349e+05
iter: 12 error: 3.749660e+01 gradnorm: 1.864324e+05
iter: 13 error: 3.463456e+01 gradnorm: 1.060682e+05
iter: 14 error: 3.146749e+01 gradnorm: 6.063389e+04
iter: 15 error: 2.877014e+01 gradnorm: 6.137731e+04
iter: 16 error: 2.741133e+01 gradnorm: 1.191174e+05
iter: 17 error: 2.679287e+01 gradnorm: 5.638204e+04
iter: 18 error: 2.524181e+01 gradnorm: 2.669484e+04
iter: 19 error: 2.394850e+01 gradnorm: 2.563721e+04
iter: 20 error: 2.288815e+01 gradnorm: 1.501925e+04
iter: 21 error: 2.195792e+01 gradnorm: 1.231015e+04
iter: 22 error: 2.126899e+01 gradnorm: 1.238409e+04
iter: 23 error: 2.113818e+01 gradnorm: 2.865560e+04
iter: 24 error: 2.068170e+01 gradnorm: 8.552646e+03
recon: 1.287945e+00 proj: 8.436738e-01 (6.694191e-01 1.006090e-01 3.768985e-02) backproj: 3.157823e-01 (1.698441e-02 6.012146e-02 2.358732e-01) ctime: 1.266937e-01 wtime: 1.493277e-03
numproj: 49 numback: 25
proj: 7.432757e+00 s (3.098594 GFLOPS) backproj: 2.975664e+00 s (3.948888 GFLOPS) avGFLOPS: 3.341685 totGFLOPS: 40.100218
proj: 12.872542 GB/s back: 14.672617 GB/s av: 13.387166 GB/s tot: 160.645986 GB/s
Total Time: 8.564359e+00
NUM. THETA             : 375
NUM. RHO               : 1024
NUM. X PIXELS          : 1024
NUM. Y PIXELS          : 1024

NUM. OF PIXELS         : 1048576
NUM. OF RAYS           : 384000

NUM. ITERATIONS        : 24

SPATIAL TILE SIZE      : 32
SPECTRAL TILE SIZE     : 32

NUMBER OF X TILES      : 32
NUMBER OF Y TILES      : 32
NUM. OF THETA TILES    : 12
NUM. OF RHO TILES      : 32

NUM. SPATIAL TILES     : 1024
NUM. SPECTRAL TILES    : 384

NUM. OF X PIXELS (EXT) : 1024
NUM. OF Y PIXELS (EXT) : 1024
NUM. OF ANGLES (EXT)   : 384
NUM. OF RHOS (EXT)     : 1024

NUM. OF PIXELS (EXT)   : 1048576
NUM. OF RAYS (EXT)     : 393216

NUMBER OF PROCESSES    : 12
NUMBER OF THRD./PROC.  : 12

INTEGER: 4, FLOAT: 4, LONG: 8, SHORT: 2, POINTER: 8
APPROX. MEMORY     TOTAL: 8.789062e+00 GB
APPROX. MEMORY PER PROC.: 7.324219e-01 GB

X START       : -5.120000e+02
Y START       : -5.120000e+02
PIXEL SIZE    : 1.000000e+00
RHO START     : -5.120000e+02
RAY LENGTH    : 2.048000e+03

SPATIAL INDEXING       : 5
SPECTRAL INDEXING      : 5
 1: CARTESIAN, NATURAL
 2: CARTESIAN, TRANSPOSED
 3: MORTON, NATURAL
 4: MORTON, TRANSPOSED
PROJECTION BLOCK SIZE      : 128
BACKPROJECTION BLOCK SIZE  : 128
PROJECTION BUFFER SIZE      : 8 KB
BACKPROJECTION BUFFER SIZE  : 8 KB

SINOGRAM FILE : /home/ccuser/MemXCT/MemXCT_datasets/CDS2_sinogram.bin
   THETA FILE : /home/ccuser/MemXCT/MemXCT_datasets/CDS2_theta.bin
  OUTPUT FILE : /home/ccuser/MemXCT/recon_CDS2.bin


PLACE TILES
lspat 32 lspatdim 32
lspec 32 lspecdim 32
MPI PARTITIONING
proc: 0 numspats: 86 numpixs: 88064 numspecs: 32 numrays: 32768
proc: 1 numspats: 86 numpixs: 88064 numspecs: 32 numrays: 32768
proc: 2 numspats: 86 numpixs: 88064 numspecs: 32 numrays: 32768
proc: 3 numspats: 86 numpixs: 88064 numspecs: 32 numrays: 32768
proc: 4 numspats: 85 numpixs: 87040 numspecs: 32 numrays: 32768
proc: 5 numspats: 85 numpixs: 87040 numspecs: 32 numrays: 32768
proc: 6 numspats: 85 numpixs: 87040 numspecs: 32 numrays: 32768
proc: 7 numspats: 85 numpixs: 87040 numspecs: 32 numrays: 32768
proc: 8 numspats: 85 numpixs: 87040 numspecs: 32 numrays: 32768
proc: 9 numspats: 85 numpixs: 87040 numspecs: 32 numrays: 32768
proc: 10 numspats: 85 numpixs: 87040 numspecs: 32 numrays: 32768
proc: 11 numspats: 85 numpixs: 87040 numspecs: 32 numrays: 32768
maxnumpix: 88064 maxnumray: 32768
FILL PIXELS AND RAYS
INPUT THETA DATA
DOMAIN PARTITIONING
myid 0 raynuminc 90593/1745748 raynumout 97556/1745748
myid 5 raynuminc 119125/1745748 raynumout 164823/1745748
myid 4 raynuminc 146408/1745748 raynumout 156456/1745748
myid 6 raynuminc 149787/1745748 raynumout 146736/1745748
myid 7 raynuminc 139600/1745748 raynumout 105796/1745748
myid 8 raynuminc 179128/1745748 raynumout 130370/1745748
myid 3 raynuminc 193635/1745748 raynumout 146868/1745748
myid 10 raynuminc 145538/1745748 raynumout 158141/1745748
myid 1 raynuminc 140017/1745748 raynumout 158132/1745748
myid 11 raynuminc 90891/1745748 raynumout 175772/1745748
myid 9 raynuminc 171768/1745748 raynumout 145555/1745748
myid 2 raynuminc 179258/1745748 raynumout 159543/1745748

CONSTRUCT PROJECTION MATRIX
CSR STORAGE: 470024162 (3.501953 GB) rownzmax 766
RAY-TRACING TIME: 3.065976e+00
CONSTRUCT BACKPROJECTION MATRIX
CSR STORAGE: 470024162 (3.501953 GB) rownzmax 516
TRANSPOSITION TIME: 7.632138e-01

BLOCKING PROJECTION MATRIX
NUMBER OF BLOCKS: 13646 BUFFSIZE: 2048
NUMBER OF BUFFERS: 42399 AVERAGE BUFF/BLOCK: 3.107064 MAX BUFF/BLOCK: 8
BUFF MAP: 86833152 (0.323479 GB)
ELLPACK STORAGE: 666345216 (3.723494 GB) buffnzmax: 328 STORAGE EFFICIENCY: 1.058064 DATA REUSE: 6.464190
BLOCKING TIME: 1.078756e+00
BLOCKING BACKPROJECTION MATRIX
NUMBER OF BLOCKS: 8192 BUFFSIZE: 2048
NUMBER OF BUFFERS: 23450 AVERAGE BUFF/BLOCK: 2.862549 MAX BUFF/BLOCK: 3
BUFF MAP: 48025600 (0.178909 GB)
ELLPACK STORAGE: 532339456 (2.974679 GB) buffnzmax: 310 STORAGE EFFICIENCY: 1.324411 DATA REUSE: 10.666677
BLOCKING TIME: 1.033897e+00

FILL PROJECTION MATRIX
TIME: 2.700872e+00
FILL BACKPROJECTION MATRIX
TIME: 3.150126e+00
REDUCTION MAPPINGS
myid: 4 device: 4
myid: 11 device: 11
myid: 2 device: 2
myid: 8 device: 8
PREPROCESSING TIME: 1.179491e+01
myid: 0 device: 0
myid: 10 device: 10
myid: 6 device: 6
myid: 7 device: 7
myid: 1 device: 1
myid: 3 device: 3
myid: 9 device: 9

Device Count: 2
myid: 5 device: 5
Device 0 name: -1503989648
Computational Capabilities: 3, 7
Maximum global memory size: 11996954624
Maximum constant memory size: 65536
Maximum shared memory size per block: 49152
Maximum block dimensions: 1024x1024x64
Maximum grid dimensions: 2147483647x65535x65535
Maximum threads per block: 1024
Warp size: 32

PROC 1 TOTAL GPU MEMORY: 0.863056 GB
PROC 0 TOTAL GPU MEMORY: 0.590086 GB
INPUT MEASUREMENT DATA
INPUT ENDS
GRADIENT-DESCENT OPTIMIZATION
PROC 7 TOTAL GPU MEMORY: 0.684674 GB
PROC 8 TOTAL GPU MEMORY: 0.755065 GB
PROC 2 TOTAL GPU MEMORY: 0.850251 GB
PROC 6 TOTAL GPU MEMORY: 0.845335 GB
PROC 9 TOTAL GPU MEMORY: 0.908483 GB
PROC 5 TOTAL GPU MEMORY: 0.859107 GB
PROC 10 TOTAL GPU MEMORY: 0.891171 GB
PROC 4 TOTAL GPU MEMORY: 0.960527 GB
PROC 11 TOTAL GPU MEMORY: 0.971862 GB
PROC 3 TOTAL GPU MEMORY: 0.949646 GB
iter: 0 error: 5.498395e+04 gradnorm: 1.963864e+10
iter: 1 error: 3.375406e+03 gradnorm: 2.933226e+08
iter: 2 error: 1.127917e+03 gradnorm: 5.687505e+07
iter: 3 error: 4.702581e+02 gradnorm: 1.895912e+07
iter: 4 error: 3.071322e+02 gradnorm: 8.957499e+06
iter: 5 error: 2.100912e+02 gradnorm: 2.580080e+06
iter: 6 error: 1.482708e+02 gradnorm: 1.226074e+06
iter: 7 error: 1.194985e+02 gradnorm: 1.051811e+06
iter: 8 error: 9.819424e+01 gradnorm: 7.126396e+05
iter: 9 error: 8.308893e+01 gradnorm: 1.487264e+06
iter: 10 error: 7.616042e+01 gradnorm: 5.312853e+05
iter: 11 error: 6.295969e+01 gradnorm: 3.337418e+05
iter: 12 error: 5.227450e+01 gradnorm: 2.613902e+05
iter: 13 error: 4.614003e+01 gradnorm: 2.711862e+05
